theta0 : 0.9018656550816682
theta1 : -0.9047234826487918
